55.402
54.5945
68.1581
61.5824
59.1233

67.1682
66.3607
79.9243
73.3485
70.8895

74.051
73.2434
86.807
80.2313
77.7723

76.3914
78.1268
91.6904
85.1147
89.3448

91.2288
73.6858
80.2719
88.9026
88.0984

94.1972
93.2933
87.8444
104.372
81.4483

96.8139
95.91
90.4611
106.989
90.5828

102.979
96.1533
90.4235
90.8853
92.8495

104.978
98.1527
100.981
95.4643
87.7712

106.767
90.7418
99.0611
97.2528
89.5597

108.385
92.3597
100.679
98.8707
91.1776

109.862
93.8367
102.156
114.637
92.6546

111.22
95.1954
103.515
102.186
94.0133

112.478
96.4534
104.773
98.141
95.2713

113.649
97.6246
105.944
99.3121
96.4425
