-1.24415
-1.31168
-1.77534
-1.17666
-1.25716
-1.68433
-1.22581
-1.48254
-1.44824
-1.0496
-1.24415
-1.31168
-1.77534
-1.17666
-1.25716
-1.68433
-1.22581
-1.48254
-1.44824
-1.0496
-1.50887
-1.5764
-2.04006
-1.44138
-1.52188
-1.94905
-1.49053
-1.74726
-1.71296
-1.31432
-1.6967
-1.76422
-2.22788
-1.6292
-1.70971
-2.13688
-1.67836
-1.93509
-1.90079
-1.50215
-1.84238
-1.90991
-2.37357
-1.77489
-1.85539
-2.28256
-1.82405
-2.08077
-2.04647
-1.64783
-1.96142
-2.02894
-2.4926
-1.89392
-1.97443
-2.4016
-1.94308
-2.19981
-2.16551
-1.76687
-2.06206
-2.12959
-2.59325
-1.99456
-2.07507
-2.50224
-2.04372
-2.30045
-2.26615
-1.86751
-2.14924
-2.21677
-2.68043
-2.08175
-2.16225
-2.58942
-2.1309
-2.38763
-2.35333
-1.95469
-2.22614
-2.29367
-2.75733
-2.15864
-2.23915
-2.66632
-2.2078
-2.46453
-2.43023
-2.03159
-2.29493
-2.36245
-2.82611
-2.22743
-2.30794
-2.73511
-2.27659
-2.53332
-2.49902
-2.10038
-2.35716
-2.42468
-2.88834
-2.28966
-2.37017
-2.79734
-2.33882
-2.59554
-2.56125
-2.1626
-2.41396
-2.48149
-2.94515
-2.34647
-2.42697
-2.85414
-2.39563
-2.65235
-2.61805
-2.21941
-2.46622
-2.53375
-2.99741
-2.39873
-2.47923
-2.9064
-2.44788
-2.70461
-2.67031
-2.27167
-2.51461
-2.58213
-3.04579
-2.44711
-2.52762
-2.95479
-2.49627
-2.753
-2.7187
-2.32006
-2.55965
-2.62718
-3.09084
-2.49215
-2.57266
-2.99983
-2.54131
-2.79804
-2.76374
-2.3651
-2.60179
-2.66931
-3.13297
-2.53429
-2.6148
-3.04197
-2.58345
-2.84018
-2.80588
-2.40724
-2.64137
-2.70889
-3.17255
-2.57387
-2.65438
-3.08155
-2.62303
-2.87976
-2.84546
-2.44682
-2.67869
-2.74621
-3.20987
-2.61119
-2.6917
-3.11887
-2.66035
-2.91707
-2.88278
-2.48413
-2.71399
-2.78151
-3.24517
-2.64649
-2.727
-3.15417
-2.69565
-2.95237
-2.91808
-2.51943
-2.74748
-2.815
-3.27866
-2.67998
-2.76048
-3.18765
-2.72914
-2.98586
-2.95156
-2.55292
