-1.71848
-1.33075
-1.66351
-1.15556
-1.14968
-1.49426
-1.08641
-1.4578
-1.32932
-1.6108
-1.71848
-1.33075
-1.66351
-1.15556
-1.14968
-1.49426
-1.08641
-1.4578
-1.32932
-1.6108
-1.9832
-1.59547
-1.92824
-1.42028
-1.4144
-1.75898
-1.35113
-1.72252
-1.59404
-1.87553
-2.17103
-1.7833
-2.11606
-1.6081
-1.60222
-1.9468
-1.53895
-1.91034
-1.78186
-2.06335
-2.31671
-1.92899
-2.26175
-1.75379
-1.74791
-2.09249
-1.68464
-2.05603
-1.92755
-2.20904
-2.43575
-2.04802
-2.38078
-1.87282
-1.86695
-2.21152
-1.80368
-2.17506
-2.04659
-2.32807
-2.53639
-2.14866
-2.48142
-1.97347
-1.96759
-2.31217
-1.90432
-2.27571
-2.14723
-2.42871
-2.62357
-2.23584
-2.5686
-2.06065
-2.05477
-2.39935
-1.9915
-2.36289
-2.23441
-2.51589
-2.70047
-2.31274
-2.6455
-2.13755
-2.13167
-2.47625
-2.0684
-2.43979
-2.31131
-2.59279
-2.76926
-2.38153
-2.71429
-2.20633
-2.20046
-2.54503
-2.13719
-2.50857
-2.3801
-2.66158
-2.83149
-2.44376
-2.77652
-2.26856
-2.26268
-2.60726
-2.19941
-2.5708
-2.44232
-2.72381
-2.88829
-2.50057
-2.83333
-2.32537
-2.31949
-2.66407
-2.25622
-2.62761
-2.49913
-2.78062
-2.94055
-2.55282
-2.88559
-2.37763
-2.37175
-2.71633
-2.30848
-2.67987
-2.55139
-2.83287
-2.98894
-2.60121
-2.93397
-2.42601
-2.42013
-2.76471
-2.35686
-2.72825
-2.59977
-2.88126
-3.03398
-2.64625
-2.97901
-2.47106
-2.46518
-2.80976
-2.40191
-2.7733
-2.64482
-2.9263
-3.07612
-2.68839
-3.02115
-2.51319
-2.50731
-2.85189
-2.44405
-2.81543
-2.68695
-2.96844
-3.1157
-2.72797
-3.06073
-2.55277
-2.5469
-2.89147
-2.48363
-2.85501
-2.72654
-3.00802
-3.15302
-2.76529
-3.09805
-2.59009
-2.58421
-2.92879
-2.52094
-2.89233
-2.76385
-3.04534
-3.18832
-2.80059
-3.13335
-2.62539
-2.61951
-2.96409
-2.55624
-2.92763
-2.79915
-3.08064
-3.2218
-2.83408
-3.16684
-2.65888
-2.653
-2.99758
-2.58973
-2.96112
-2.83264
-3.11413
