8.72286e-07
1.99162e-07
2.53591e-07
1.85585e-07
5.15026e-07
8.16746e-07
3.55494e-06
1.40166e-07
1.12439e-06
1.78145e-07
8.72286e-07
1.99162e-07
2.53591e-07
1.85585e-07
5.15026e-07
8.16746e-07
3.55494e-06
1.40166e-07
1.12439e-06
1.78145e-07
8.72286e-07
1.99162e-07
2.53591e-07
1.85585e-07
5.15026e-07
8.16746e-07
3.55494e-06
1.40166e-07
1.12439e-06
1.78145e-07
8.72286e-07
1.99162e-07
2.53591e-07
1.85585e-07
5.15026e-07
8.16746e-07
3.55494e-06
1.40166e-07
1.12439e-06
1.78145e-07
8.72286e-07
1.99162e-07
2.53591e-07
1.85585e-07
5.15026e-07
8.16746e-07
3.55494e-06
1.40166e-07
1.12439e-06
1.78145e-07
8.72286e-07
1.99162e-07
2.53591e-07
1.85585e-07
5.15026e-07
8.16746e-07
3.55494e-06
1.40166e-07
1.12439e-06
1.78145e-07
8.72286e-07
1.99162e-07
2.53591e-07
1.85585e-07
5.15026e-07
8.16746e-07
3.55494e-06
1.40166e-07
1.12439e-06
1.78145e-07
8.72286e-07
1.99162e-07
2.53591e-07
1.85585e-07
5.15026e-07
8.16746e-07
3.55494e-06
1.40166e-07
1.12439e-06
1.78145e-07
8.72286e-07
1.99162e-07
2.53591e-07
1.85585e-07
5.15026e-07
8.16746e-07
3.55494e-06
1.40166e-07
1.12439e-06
1.78145e-07
8.72286e-07
1.99162e-07
2.53591e-07
1.85585e-07
5.15026e-07
8.16746e-07
3.55494e-06
1.40166e-07
1.12439e-06
1.78145e-07
8.72286e-07
1.99162e-07
2.53591e-07
1.85585e-07
5.15026e-07
8.16746e-07
3.55494e-06
1.40166e-07
1.12439e-06
1.78145e-07
8.72286e-07
1.99162e-07
2.53591e-07
1.85585e-07
5.15026e-07
8.16746e-07
3.55494e-06
1.40166e-07
1.12439e-06
1.78145e-07
8.72286e-07
1.99162e-07
2.53591e-07
1.85585e-07
5.15026e-07
8.16746e-07
3.55494e-06
1.40166e-07
1.12439e-06
1.78145e-07
8.72286e-07
1.99162e-07
2.53591e-07
1.85585e-07
5.15026e-07
8.16746e-07
3.55494e-06
1.40166e-07
1.12439e-06
1.78145e-07
8.72286e-07
1.99162e-07
2.53591e-07
1.85585e-07
5.15026e-07
8.16746e-07
3.55494e-06
1.40166e-07
1.12439e-06
1.78145e-07
8.72286e-07
1.99162e-07
2.53591e-07
1.85585e-07
5.15026e-07
8.16746e-07
3.55494e-06
1.40166e-07
1.12439e-06
1.78145e-07
8.72286e-07
1.99162e-07
2.53591e-07
1.85585e-07
5.15026e-07
8.16746e-07
3.55494e-06
1.40166e-07
1.12439e-06
1.78145e-07
8.72286e-07
1.99162e-07
2.53591e-07
1.85585e-07
5.15026e-07
8.16746e-07
3.55494e-06
1.40166e-07
1.12439e-06
1.78145e-07
8.72286e-07
1.99162e-07
2.53591e-07
1.85585e-07
5.15026e-07
8.16746e-07
3.55494e-06
1.40166e-07
1.12439e-06
1.78145e-07
8.72286e-07
1.99162e-07
2.53591e-07
1.85585e-07
5.15026e-07
8.16746e-07
3.55494e-06
1.40166e-07
1.12439e-06
1.78145e-07
