3.07013e-06
5.39145e-07
2.02911e-07
2.43156e-07
1.4682e-06
4.01304e-07
1.83475e-06
1.45535e-07
6.3072e-07
9.42732e-08
3.07013e-06
5.39145e-07
2.02911e-07
2.43156e-07
1.4682e-06
4.01304e-07
1.83475e-06
1.45535e-07
6.3072e-07
9.42732e-08
6.29332e-07
1.10517e-07
4.15938e-08
4.98435e-08
3.0096e-07
8.22615e-08
3.76098e-07
2.98325e-08
1.29288e-07
1.93246e-08
2.04428e-07
3.58995e-08
1.3511e-08
1.61908e-08
9.77615e-08
2.67212e-08
1.22169e-07
9.69056e-09
4.19971e-08
6.27727e-09
8.54581e-08
1.50073e-08
5.64809e-09
6.76834e-09
4.08678e-08
1.11704e-08
5.1071e-08
4.051e-09
1.75563e-08
2.62413e-09
4.19047e-08
7.35887e-09
2.76956e-09
3.31888e-09
2.00397e-08
5.47746e-09
2.50428e-08
1.98642e-09
8.60878e-09
1.28675e-09
2.29399e-08
4.02847e-09
1.51614e-09
1.81685e-09
1.09703e-08
2.99853e-09
1.37092e-08
1.08743e-09
4.71271e-09
7.04406e-10
1.3612e-08
2.3904e-09
8.99644e-10
1.07808e-09
6.50954e-09
1.77926e-09
8.13472e-09
6.45255e-10
2.79641e-09
4.17978e-10
8.58984e-09
1.50846e-09
5.6772e-10
6.80321e-10
4.10784e-09
1.1228e-09
5.13341e-09
4.07188e-10
1.76467e-09
2.63765e-10
5.69031e-09
9.99274e-10
3.76084e-10
4.50676e-10
2.72122e-09
7.43794e-10
3.40061e-09
2.6974e-10
1.169e-09
1.7473e-10
3.92055e-09
6.88486e-10
2.59117e-10
3.1051e-10
1.87489e-09
5.12464e-10
2.34297e-09
1.85847e-10
8.05427e-10
1.20387e-10
2.79026e-09
4.89997e-10
1.84414e-10
2.2099e-10
1.33436e-09
3.64722e-10
1.6675e-09
1.32268e-10
5.73224e-10
8.56794e-11
2.04067e-09
3.58361e-10
1.34872e-10
1.61622e-10
9.7589e-10
2.66741e-10
1.21953e-09
9.67346e-11
4.19229e-10
6.26619e-11
1.52747e-09
2.6824e-10
1.00954e-10
1.20977e-10
7.3047e-10
1.9966e-10
9.12841e-10
7.24075e-11
3.138e-10
4.69035e-11
1.16643e-09
2.04837e-10
7.70916e-11
9.2382e-11
5.57811e-10
1.52467e-10
6.97075e-10
5.52928e-11
2.39628e-10
3.58171e-11
9.06368e-10
1.59167e-10
5.99036e-11
7.17849e-11
4.33444e-10
1.18474e-10
5.41658e-10
4.29649e-11
1.86202e-10
2.78315e-11
7.15145e-10
1.25586e-10
4.72653e-11
5.664e-11
3.41997e-10
9.34784e-11
4.27381e-10
3.39003e-11
1.46918e-10
2.19597e-11
5.71963e-10
1.00442e-10
3.78021e-11
4.52998e-11
2.73525e-10
7.47627e-11
3.41813e-10
2.7113e-11
1.17503e-10
1.7563e-11
4.63008e-10
8.13088e-11
3.06011e-11
3.66705e-11
2.2142e-10
6.05209e-11
2.767e-10
2.19482e-11
9.51192e-11
1.42174e-11
3.78894e-10
6.65376e-11
2.50419e-11
3.00087e-11
1.81195e-10
4.95262e-11
2.26433e-10
1.79609e-11
7.78391e-11
1.16346e-11
