10
58.0511
55.402
15

10
64.9947
54.5945
15

10
48.6232
68.1581
15

10
62.5932
61.5824
15

10
62.2213
59.1233
15

20
46.2849
67.1682
10

20
53.2285
66.3607
15

20
36.857
79.9243
14

20
50.827
73.3485
15

20
50.4552
70.8895
15

30
39.4021
74.051
5

30
46.3458
73.2434
15

30
29.9743
86.807
9

30
43.9443
80.2313
15

30
43.5724
77.7723
13

40
37.0617
76.3914
2

40
41.4623
78.1268
13

40
25.0909
91.6904
5

40
39.0609
85.1147
14

40
31.9998
89.3448
9

50
22.2243
91.2288
2

50
45.9034
73.6858
9

50
36.5094
80.2719
3

50
35.273
88.9026
11

50
33.2462
88.0984
6

60
19.2559
94.1972
2

60
26.2959
93.2933
8

60
28.9369
87.8444
2

60
19.8033
104.372
9

60
39.8963
81.4483
4

70
16.6392
96.8139
2

70
23.6792
95.91
5

70
26.3202
90.4611
2

70
17.1866
106.989
7

70
30.7618
90.5828
2

80
10.4743
102.979
2

80
23.4359
96.1533
4

80
26.3578
90.4235
2

80
33.2903
90.8853
5

80
28.4951
92.8495
2

90
8.47496
104.978
2

90
21.4365
98.1527
2

90
15.8001
100.981
2

90
28.7113
95.4643
4

90
33.5734
87.7712
2

100
6.68647
106.767
2

100
28.8474
90.7418
2

100
17.7202
99.0611
2

100
26.9228
97.2528
2

100
31.7849
89.5597
2

110
5.06858
108.385
2

110
27.2295
92.3597
2

110
16.1023
100.679
2

110
25.3049
98.8707
2

110
30.1671
91.1776
2

120
3.59156
109.862
2

120
25.7525
93.8367
2

120
14.6253
102.156
2

120
9.53889
114.637
2

120
28.69
92.6546
2

130
2.23283
111.22
2

130
24.3938
95.1954
2

130
13.2665
103.515
2

130
21.9891
102.186
2

130
27.3313
94.0133
2

140
0.974849
112.478
2

140
23.1358
96.4534
2

140
12.0086
104.773
2

140
26.0346
98.141
2

140
26.0733
95.2713
2

150
-0.196305
113.649
2

150
21.9646
97.6246
2

150
10.8374
105.944
2

150
24.8634
99.3121
2

150
24.9022
96.4425
2

