58.0511
64.9947
48.6232
62.5932
62.2213

46.2849
53.2285
36.857
50.827
50.4552

39.4021
46.3458
29.9743
43.9443
43.5724

37.0617
41.4623
25.0909
39.0609
31.9998

22.2243
45.9034
36.5094
35.273
33.2462

19.2559
26.2959
28.9369
19.8033
39.8963

16.6392
23.6792
26.3202
17.1866
30.7618

10.4743
23.4359
26.3578
33.2903
28.4951

8.47496
21.4365
15.8001
28.7113
33.5734

6.68647
28.8474
17.7202
26.9228
31.7849

5.06858
27.2295
16.1023
25.3049
30.1671

3.59156
25.7525
14.6253
9.53889
28.69

2.23283
24.3938
13.2665
21.9891
27.3313

0.974849
23.1358
12.0086
26.0346
26.0733

-0.196305
21.9646
10.8374
24.8634
24.9022
